[General]
CalibrateGainCH1=0.06758215437129296
CalibrateGainCH2=0.068201288329040488
CalibrateVrefCH1=1.4670838356018041
CalibrateVrefCH2=1.45585174560547
