[General]
ConnectionType=1
CalibrateVrefCH1=1.470376777648923
CalibrateVrefCH2=1.457813978195184
CalibrateGainCH1=0.06772442935857655
CalibrateGainCH2=0.06824147504748516
